u = [-1 -0.75 -0.5 -0.25 0 0.25 0.5 0.75 1];
i = [0.01 -0.01 0.02 0.01 0 0.23 0.42 0.6 0.95];

